3.54 1.91
2.60 2.04
1.53 1.49
3.79 3.11
3.75 3.21
3.88 4.18
2.16 2.45
0.32 2.21
4.64 2.00
3.56 4.38
1.49 2.59
5.06 1.71
2.96 1.56
2.84 1.98
2.78 4.10
1.85 1.54
2.27 2.45
0.51 1.23
2.23 3.17
2.74 1.15
1.84 1.73
1.69 2.54
0.98 1.24
3.29 1.86
1.72 2.47
1.98 4.13
1.90 2.44
1.59 2.15
2.47 2.99
0.96 2.60
5.54 1.21
1.96 3.48
2.13 1.71
2.96 2.67
1.65 2.49
3.78 2.51
3.23 2.33
0.67 3.71
2.12 0.80
2.74 1.02
0.73 3.00
3.42 0.66
1.88 3.73
2.76 2.89
1.73 2.42
2.96 2.72
4.05 1.99
2.95 4.30
0.88 4.35
2.59 3.81
